0 2067 esri_Ch_CT ID
6145745 6145723       0.0209817896
6145745 6151488       0.0367996316
6145745 6145825       0.0400281439
6145745 6145781       0.0402603162
6145745 6145345        0.043562053
6145745 6145765       0.0452795334
6145745 6145303       0.0458394035
6145745 6151445       0.0495324973
6145723 6145745       0.0209817896
6145723 6145345         0.02470266
6145723 6145303       0.0253961084
6145723 6145363       0.0397444257
6145723 6145604       0.0486765792
6145723 6151488       0.0499947411
6145723 6145325        0.050868284
6145723 6151445       0.0512270992
6151445 6151468       0.0183320055
6151445 6145604       0.0277238054
6151445 6151488       0.0284148716
6151445 6145705       0.0287159897
6151445 6151509       0.0307757987
6151445 6151546       0.0359591193
6151445 6151588       0.0388330712
6151445 6145645       0.0404018069
6151488 6151509       0.0170744864
6151488 6151526       0.0188709484
6151488 6151468        0.021694696
6151488 6151445       0.0284148716
6151488 6151674       0.0299085388
6151488 6151564       0.0324195182
6151488 6145825       0.0350756662
6151488 6145745       0.0367996316
6151468 6151509       0.0141975116
6151468 6151445       0.0183320055
6151468 6151488        0.021694696
6151468 6151588       0.0241590206
6151468 6151564       0.0242699369
6151468 6151526       0.0276288054
6151468 6151546       0.0280731656
6151468 6151629       0.0344601611
6151588 6151610       0.0131694105
6151588 6151629       0.0137978843
6151588 6151546       0.0149536823
6151588 6151564       0.0200082776
6151588 6623477       0.0224143633
6151588 6151468       0.0241590206
6151588 6151509       0.0272649214
6151588 6623500       0.0279672216
6151509 6151526       0.0137793512
6151509 6151468       0.0141975116
6151509 6151564        0.015662485
6151509 6151488       0.0170744864
6151509 6151674       0.0260921207
6151509 6151588       0.0272649214
6151509 6151777        0.030034875
6151509 6151445       0.0307757987
6151564 6151509        0.015662485
6151564 6151777       0.0165460435
6151564 6151629       0.0183102693
6151564 6151588       0.0200082776
6151564 6151526       0.0207626917
6151564 6151651       0.0232955359
6151564 6151468       0.0242699369
6151564 6151674       0.0277577607
6151526 6151674        0.012786367
6151526 6151509       0.0137793512
6151526 6151488       0.0188709484
6151526 6151564       0.0207626917
6151526 6151468       0.0276288054
6151526 6151777       0.0278831174
6151526 6151692       0.0313343829
6151526 6145825       0.0332196055
6151546 6623477      0.00993413073
6151546 6151610       0.0145396367
6151546 6151588       0.0149536823
6151546 6151629       0.0272834182
6151546 6151468       0.0280731656
6151546 6145705        0.033147019
6151546 6151564       0.0341093154
6151546 6151445       0.0359591193
6151610 6151588       0.0131694105
6151610 6151546       0.0145396367
6151610 6623477       0.0152282623
6151610 6151629       0.0175762456
6151610 6623500       0.0220995897
6151610 6151651       0.0306643404
6151610 6151564       0.0316035298
6151610 6623522       0.0325412898
6623477 6151546      0.00993413073
6623477 6151610       0.0152282623
6623477 6151588       0.0224143633
6623477 6623458       0.0280474998
6623477 6151629       0.0320249767
6623477 6620211       0.0328259184
6623477 6145705       0.0353016025
6623477 6623500       0.0364084255
6623500 6623522       0.0107615278
6623500 6151629       0.0175721037
6623500 6151651       0.0182424956
6623500 6151610       0.0220995897
6623500 6623640       0.0222701102
6623500 6623541       0.0244035213
6623500 6151588       0.0279672216
6623500 6623658       0.0322997754
6623541 6623522       0.0177209467
6623541 6623640       0.0181372163
6623541 6623658       0.0211210421
6623541 6623500       0.0244035213
6623541 6623584       0.0252189738
6623541 6623619       0.0296222863
6623541 6623729       0.0306043281
6623541 6623601        0.032104391
6623458 6623584       0.0187495376
6623458 6623477       0.0280474998
6623458 6620232       0.0294571377
6623458 6151610       0.0327091373
6623458 6623601       0.0352378579
6623458 6151546       0.0375474354
6623458 6623563       0.0384311985
6623458 6620211        0.039233844
6620211 6145705       0.0291280203
6620211 6620232       0.0292024433
6620211 6145685       0.0299663748
6620211 6620190       0.0309797388
6620211 6145645       0.0312381168
6620211 6623477       0.0328259184
6620211 6151546       0.0387493249
6620211 6623458        0.039233844
6145705 6145645       0.0154641911
6145705 6145604       0.0278994438
6145705 6151445       0.0287159897
6145705 6620211       0.0291280203
6145705 6145624       0.0305391015
6145705 6151546        0.033147019
6145705 6623477       0.0353016025
6145705 6145665       0.0368555677
6151629 6151588       0.0137978843
6151629 6151651       0.0144217075
6151629 6623500       0.0175721037
6151629 6151610       0.0175762456
6151629 6151564       0.0183102693
6151629 6151777       0.0227846942
6151629 6623522       0.0271689799
6151629 6151546       0.0272834182
6623584 6623458       0.0187495376
6623584 6623601       0.0189410756
6623584 6623541       0.0252189738
6623584 6623619       0.0318251996
6623584 6623563       0.0325099631
6623584 6626579       0.0364579075
6623584 6623500        0.037052893
6623584 6623522       0.0373754301
6620232 6620190       0.0257285777
6620232 6620211       0.0292024433
6620232 6623458       0.0294571377
6620232 6623102       0.0334162576
6620232 6620289       0.0353877201
6620232 6620250       0.0371976242
6620232 6623281       0.0375944565
6620232 6623563        0.041844348
6620190 6620250       0.0206338755
6620190 6620171        0.023125908
6620190 6620232       0.0257285777
6620190 6145685       0.0284379536
6620190 6620211       0.0309797388
6620190 6620289        0.031823555
6620190 6620270       0.0381237883
6620190 6620150        0.039939568
6145685 6145665       0.0208194195
6145685 6145525       0.0267609222
6145685 6620190       0.0284379536
6145685 6620211       0.0299663748
6145685 6145645       0.0316641572
6145685 6145586       0.0332596435
6145685 6620171       0.0336500971
6145685 6145446       0.0393370883
6145645 6145705       0.0154641911
6145645 6145624       0.0185901323
6145645 6145665       0.0216835767
6145645 6145586       0.0262215518
6145645 6145604       0.0271888856
6145645 6620211       0.0312381168
6145645 6145685       0.0316641572
6145645 6145566       0.0362752042
6623640 6623658       0.0102593125
6623640 6623522       0.0115754802
6623640 6623541       0.0181372163
6623640 6623500       0.0222701102
6623640 6623684       0.0282855582
6623640 6151651       0.0297462856
6623640 6626522       0.0368077056
6623640 6151629       0.0376356535
6623522 6623500       0.0107615278
6623522 6623640       0.0115754802
6623522 6623541       0.0177209467
6623522 6623658       0.0215382479
6623522 6151651       0.0225174478
6623522 6151629       0.0271689799
6623522 6151610       0.0325412898
6623522 6623584       0.0373754301
6151651 6151629       0.0144217075
6151651 6151777       0.0159584475
6151651 6623500       0.0182424956
6151651 6623522       0.0225174478
6151651 6151564       0.0232955359
6151651 6151588       0.0279965132
6151651 6623640       0.0297462856
6151651 6151692       0.0304649004
6151777 6151651       0.0159584475
6151777 6151564       0.0165460435
6151777 6151692       0.0169330103
6151777 6151629       0.0227846942
6151777 6151674       0.0271052003
6151777 6151526       0.0278831174
6151777 6151509        0.030034875
6151777 6151796       0.0307225865
6151692 6151777       0.0169330103
6151692 6151796       0.0209787787
6151692 6151674       0.0231745752
6151692 6151714       0.0268111519
6151692 6151651       0.0304649004
6151692 6151564       0.0306755825
6151692 6151526       0.0313343829
6151692 6151754       0.0346060505
6151674 6151526        0.012786367
6151674 6151692       0.0231745752
6151674 6151509       0.0260921207
6151674 6151777       0.0271052003
6151674 6151564       0.0277577607
6151674 6145825       0.0293583507
6151674 6151488       0.0299085388
6151674 6151714       0.0304292802
6151714 6151737        0.012821186
6151714 6151754       0.0239708594
6151714 6151692       0.0268111519
6151714 6145847       0.0280682221
6151714 6145864       0.0290666082
6151714 6151674       0.0304292802
6151714 6151796       0.0352127659
6151714 6145825       0.0413646497
6151737 6151714        0.012821186
6151737 6151754       0.0150745831
6151737 6145864       0.0237322366
6151737 6145847       0.0292336418
6151737 7105999        0.031785891
6151737 6151692        0.034933032
6151737 7105737       0.0351026932
6151737 6151796        0.035955285
6151754 6151737       0.0150745831
6151754 7105999       0.0189531486
6151754 6151714       0.0239708594
6151754 6151796       0.0267006443
6151754 6151815       0.0283460419
6151754 7106019       0.0346044306
6151754 6151692       0.0346060505
6151754 6145864        0.036655875
6151796 6151815       0.0208294819
6151796 6151692       0.0209787787
6151796 6151754       0.0267006443
6151796 6151777       0.0307225865
6151796 6151714       0.0352127659
6151796 6151651       0.0358641078
6151796 6151737        0.035955285
6151796 7105999       0.0367893097
6151815 6151796       0.0208294819
6151815 7208713       0.0249303588
6151815 7105999       0.0255903364
6151815 6151754       0.0283460419
6151815 7106019        0.032909981
6151815 6623684        0.035794833
6151815 7106043       0.0372059573
6151815 6623703       0.0405543613
7103033 7103051       0.0182861161
7103033 7102900       0.0314829666
7103033 7102981        0.032848451
7103033 7103069       0.0403826927
7103033 7103016         0.04310946
7103033 7105692        0.046919969
7103033 7102815       0.0487252249
7103033 7102962       0.0488961799
7105692 7103069       0.0335171384
7105692 7109850       0.0365644693
7105692 7103051       0.0374951937
7105692 7103033        0.046919969
7105692 7109512       0.0494674863
7105692 7109869       0.0531747448
7105692 7103016         0.05541546
7105692 7102981       0.0646989443
7103051 7103033       0.0182861161
7103051 7103069       0.0221967779
7103051 7102900       0.0343106411
7103051 7105692       0.0374951937
7103051 7109771         0.03949431
7103051 7102981        0.050099827
7103051 7109831       0.0528364968
7103051 7103016       0.0555831944
7109512 7109532       0.0374474956
7109512 7109634       0.0392439325
7109512 7105692       0.0494674863
7109512 7113568       0.0499830883
7109512 7109850       0.0569975522
7109512 7113630       0.0638484546
7109512 7109486       0.0638674101
7109512 7109654       0.0699721959
7109486 7109552       0.0583384503
7109486 7103016       0.0602398143
7109486 7102997       0.0607838821
7109486 7109512       0.0638674101
7109486 7105915       0.0664006102
7109486 7105834       0.0678285416
7109486 7102944        0.068745815
7109486 7105692       0.0749853729
7109634 7109654        0.030738659
7109634 7109532       0.0326489416
7109634 7109512       0.0392439325
7109634 7113630       0.0528948968
7109634 7109694       0.0556133674
7109634 7109673       0.0558323613
7109634 7214738       0.0586833955
7109634 7109552         0.06408264
7109552 7109573       0.0215240064
7109552 7109613        0.037092806
7109552 7109590        0.044335242
7109552 7106198       0.0533237704
7109552 7211896         0.05525298
7109552 7109486       0.0583384503
7109552 7105915       0.0585030061
7109552 7109448       0.0592638769
7105915 7105874       0.0226105097
7105915 7106120       0.0247684152
7105915 7106180       0.0317168274
7105915 7106198       0.0353092813
7105915 7105893       0.0361024724
7105915 7105857       0.0385110125
7105915 7106139       0.0424345312
7105915 7106316       0.0454774902
7105834 7102778       0.0370777536
7105834 7105857       0.0416318796
7105834 7102654       0.0434896232
7105834 7105874       0.0470427822
7105834 7102717       0.0510006349
7105834 7105915       0.0550613214
7105834 7105793       0.0554759079
7105834 7105893       0.0596087955
7102923 7102944       0.0214227057
7102923 7102756       0.0263184816
7102923 7102962        0.032764839
7102923 7102997       0.0358626632
7102923 7102612       0.0390611818
7102923 7102778       0.0397632277
7102923 7102736       0.0402475851
7102923 7102632       0.0420863829
7102944 7102997       0.0144403268
7102944 7102923       0.0214227057
7102944 7102962        0.021508719
7102944 7103016       0.0272215307
7102944 7102981       0.0320415931
7102944 7102756       0.0473886187
7102944 7102778       0.0533657766
7102944 7102612       0.0589428481
7102997 7103016       0.0131732417
7102997 7102944       0.0144403268
7102997 7102962       0.0239662141
7102997 7102981        0.026134773
7102997 7102923       0.0358626632
7102997 7103033       0.0536269587
7102997 7109486       0.0607838821
7102997 7102815        0.061682238
7103016 7102997       0.0131732417
7103016 7102981       0.0227106383
7103016 7102944       0.0272215307
7103016 7102962       0.0289496344
7103016 7103033         0.04310946
7103016 7102923       0.0485061665
7103016 7105692         0.05541546
7103016 7103051       0.0555831944
7109654 7214738       0.0283649668
7109654 7109694        0.028515939
7109654 7109634        0.030738659
7109654 7109673       0.0354453271
7109654 7212094       0.0394782995
7109654 7214757       0.0414177755
7109654 7109613       0.0529480771
7109654 7109532       0.0537732763
7109573 7109613        0.021115743
7109573 7109552       0.0215240064
7109573 7109590       0.0276558287
7109573 7211896       0.0338038718
7109573 7109465       0.0482752213
7109573 7106198       0.0487965693
7109573 7109448       0.0499705614
7109573 7211937       0.0508942266
7106198 7109448       0.0128518594
7106198 7106316        0.016058358
7106198 7106180       0.0223371498
7106198 7109465       0.0261697703
7106198 7106254       0.0282912508
7106198 7106120       0.0301114163
7106198 7109590       0.0320610846
7106198 7105915       0.0353092813
7106180 7106120       0.0113789808
7106180 7106139       0.0161412395
7106180 7106316       0.0193438736
7106180 7106198       0.0223371498
7106180 7106254       0.0224620453
7106180 7106161       0.0272245807
7106180 7106103        0.028659888
7106180 7109448       0.0287809014
7106120 7106180       0.0113789808
7106120 7106139       0.0176678278
7106120 7105893       0.0226191906
7106120 7105874       0.0234605855
7106120 7105915       0.0247684152
7106120 7106103       0.0258808087
7106120 7106198       0.0301114163
7106120 7106316       0.0305604485
7105874 7105857       0.0165189669
7105874 7105893       0.0170259784
7105874 7105915       0.0226105097
7105874 7106120       0.0234605855
7105874 7105793       0.0295095642
7105874 7106180       0.0347924938
7105874 7106103       0.0361829437
7105874 7106139       0.0362700541
7105857 7105874       0.0165189669
7105857 7105793       0.0170191531
7105857 7105893       0.0192297006
7105857 7105773       0.0286332647
7105857 7105814       0.0327883586
7105857 7106120       0.0371142231
7105857 7105915       0.0385110125
7105857 7106103       0.0398107648
7102654 7102717       0.0345859209
7102654 7105834       0.0434896232
7102654 7105773       0.0464361279
7102654 7105857       0.0495663971
7102654 7102778       0.0498285046
7102654 7105793       0.0501005351
7102654 7102698       0.0532921483
7102654 7105714       0.0574863314
7102717 7102698       0.0187258955
7102717 7102677       0.0257538411
7102717 7102778       0.0289502763
7102717 7102736       0.0324171107
7102717 7102593        0.034579872
7102717 7102654       0.0345859209
7102717 7102572       0.0391010689
7102717 7102553       0.0400375395
7102778 7102717       0.0289502763
7102778 7102756       0.0294062017
7102778 7102698        0.029769094
7102778 7102736       0.0306676647
7102778 7105834       0.0370777536
7102778 7102593       0.0371687811
7102778 7102923       0.0397632277
7102778 7102677       0.0402659993
7102756 7102736       0.0140079815
7102756 7102593       0.0193388134
7102756 7102632        0.019535181
7102756 7102612       0.0258809107
7102756 7102923       0.0263184816
7102756 7102698       0.0275581884
7102756 7102778       0.0294062017
7102756 7102677       0.0326021242
7102612 7102632       0.0152052576
7102612 7102532       0.0210413715
7102612 7102756       0.0258809107
7102612 7102593       0.0280203874
7102612 7102736       0.0295667586
7102612 7102572       0.0331608341
7102612 7102795       0.0351827896
7102612 7102923       0.0390611818
7105793 7105773       0.0129980957
7105793 7105857       0.0170191531
7105793 7105814       0.0194673048
7105793 7105893       0.0200863529
7105793 7105756       0.0258656002
7105793 7105874       0.0295095642
7105793 7106103       0.0339771073
7105793 7105714       0.0374906256
7105814 7105793       0.0194673048
7105814 7106103        0.019940103
7105814 7105756       0.0202990029
7105814 7105893       0.0215654955
7105814 7105773       0.0229172329
7105814 7105978       0.0246174723
7105814 7105857       0.0327883586
7105814 7106139       0.0328888068
7105773 7105793       0.0129980957
7105773 7105756       0.0172645524
7105773 7105814       0.0229172329
7105773 7105714       0.0251015755
7105773 7105857       0.0286332647
7105773 7105893       0.0322436659
7105773 7106103       0.0417337715
7105773 7105874        0.042433515
7105714 7105756       0.0167330656
7105714 7105773       0.0251015755
7105714 7105737       0.0268135964
7105714 7105814       0.0368887942
7105714 7105793       0.0374906256
7105714 7105939       0.0397621587
7105714 6145801       0.0403540692
7105714 6145864       0.0418007035
7105756 7105714       0.0167330656
7105756 7105773       0.0172645524
7105756 7105814       0.0202990029
7105756 7105793       0.0258656002
7105756 7105939       0.0313597723
7105756 7105737       0.0348112087
7105756 7105893       0.0392756089
7105756 7105978        0.039416514
7105939 7105959       0.0211306952
7105939 7105978       0.0311611458
7105939 7105756       0.0313597723
7105939 7105999       0.0319078885
7105939 7106019       0.0321317493
7105939 7105737       0.0328091586
7105939 7105814       0.0350662922
7105939 7105714       0.0397621587
6145864 6145847       0.0143205614
6145864 7105737       0.0152535894
6145864 6151737       0.0237322366
6145864 6151714       0.0290666082
6145864 6145801       0.0321851542
6145864 6151754        0.036655875
6145864 7105939       0.0407231464
6145864 7105714       0.0418007035
6145847 6145864       0.0143205614
6145847 7105737        0.027388625
6145847 6151714       0.0280682221
6145847 6145801       0.0285526754
6145847 6151737       0.0292336418
6145847 6145825       0.0394386283
6145847 6145781        0.041120742
6145847 6151754       0.0441479268
7105737 6145864       0.0152535894
7105737 7105714       0.0268135964
7105737 6145847        0.027388625
7105737 6145801       0.0313679885
7105737 7105939       0.0328091586
7105737 7105756       0.0348112087
7105737 6151737       0.0351026932
7105737 6151714       0.0431920658
6145801 6145847       0.0285526754
6145801 7105737       0.0313679885
6145801 6145864       0.0321851542
6145801 7105714       0.0403540692
6145801 6142631       0.0482617563
6145801 6145781       0.0500003388
6145801 6145765       0.0540046621
6145801 6151737       0.0550700343
6145825 6145781       0.0183754287
6145825 6151674       0.0293583507
6145825 6151526       0.0332196055
6145825 6151488       0.0350756662
6145825 6145847       0.0394386283
6145825 6145765       0.0396617969
6145825 6145745       0.0400281439
6145825 6151714       0.0413646497
6145781 6145825       0.0183754287
6145781 6145765       0.0216359299
6145781 6145745       0.0402603162
6145781 6145847        0.041120742
6145781 6151674       0.0475566018
6145781 6142611       0.0497476243
6145781 6151488       0.0499064867
6145781 6145801       0.0500003388
6142611 6145765        0.029544241
6142611 6142589       0.0436624721
6142611 6145781       0.0497476243
6142611 6142531       0.0559279347
6142611 6142631       0.0562737146
6142611 6142552       0.0589301273
6142611 6145801       0.0591291164
6142611 6145825       0.0681220122
6145765 6145781       0.0216359299
6145765 6142611        0.029544241
6145765 6145825       0.0396617969
6145765 6145745       0.0452795334
6145765 6142589        0.047480908
6145765 6145801       0.0540046621
6145765 6145847       0.0560355138
6145765 6145723       0.0616718984
6142589 6142611       0.0436624721
6142589 6145765        0.047480908
6142589 6142413       0.0497197867
6142589 6142450       0.0554991185
6142589 6145745       0.0600013081
6142589 6145723       0.0608847143
6142589 6142531       0.0620216663
6142589 6145303       0.0638107827
6142531 6142552       0.0290920294
6142531 6142470       0.0381690751
6142531 6142508        0.041485466
6142531 6142432       0.0444586577
6142531 6142490       0.0448837284
6142531 6142450       0.0456394343
6142531 6142571       0.0503078623
6142531 6142611       0.0559279347
7105978 7106103        0.014939636
7105978 7106161       0.0159419028
7105978 7105959       0.0171126038
7105978 7106139       0.0235842588
7105978 7105814       0.0246174723
7105978 7106216        0.030248061
7105978 7105939       0.0311611458
7105978 7105893       0.0349448915
7105959 7105978       0.0171126038
7105959 7105939       0.0211306952
7105959 7106019       0.0265338737
7105959 7106061        0.028072458
7105959 7106161       0.0291319195
7105959 7106043       0.0294000188
7105959 7106103       0.0319528733
7105959 7106216        0.035467024
7109448 7106316       0.0123065006
7109448 7106198       0.0128518594
7109448 7109465       0.0140980642
7109448 7106254       0.0235494439
7109448 7106294       0.0242639993
7109448 7109590       0.0269349251
7109448 7106180       0.0287809014
7109448 7106236       0.0332381004
7106316 7109448       0.0123065006
7106316 7106254       0.0124863491
7106316 7106198        0.016058358
7106316 7106180       0.0193438736
7106316 7106294       0.0223009156
7106316 7106236       0.0232292974
7106316 7109465       0.0237826425
7106316 7106139       0.0298854665
7106139 7106103       0.0134715408
7106139 7106161       0.0135470226
7106139 7106180       0.0161412395
7106139 7106120       0.0176678278
7106139 7105978       0.0235842588
7106139 7106254       0.0254604162
7106139 7105893       0.0261198906
7106139 7106236       0.0289782744
7105893 7105874       0.0170259784
7105893 7105857       0.0192297006
7105893 7105793       0.0200863529
7105893 7106103       0.0210419835
7105893 7105814       0.0215654955
7105893 7106120       0.0226191906
7105893 7106139       0.0261198906
7105893 7105773       0.0322436659
7102467 7102553       0.0216174613
7102467 7102511       0.0225095943
7102467 7102677       0.0273220455
7102467 7102572       0.0306056422
7102467 7102698       0.0358523634
7102467 7102448       0.0377832891
7102467 7102717       0.0402298903
7102467 7102593       0.0409237622
7102698 7102677       0.0106005053
7102698 7102736       0.0149758801
7102698 7102593       0.0159030448
7102698 7102717       0.0187258955
7102698 7102572       0.0220026558
7102698 7102553       0.0260540398
7102698 7102756       0.0275581884
7102698 7102632       0.0289119341
7102736 7102593      0.00695885578
7102736 7102756       0.0140079815
7102736 7102698       0.0149758801
7102736 7102632       0.0162110389
7102736 7102677       0.0185964467
7102736 7102572       0.0206221928
7102736 7102532       0.0278823511
7102736 7102553       0.0291190304
7102632 7102593       0.0130530518
7102632 7102532       0.0145837802
7102632 7102612       0.0152052576
7102632 7102736       0.0162110389
7102632 7102572       0.0191994679
7102632 7102756        0.019535181
7102632 7102677        0.026937209
7102632 7102553       0.0288184109
7106103 7106139       0.0134715408
7106103 7105978        0.014939636
7106103 7106161       0.0167225237
7106103 7105814        0.019940103
7106103 7105893       0.0210419835
7106103 7106120       0.0258808087
7106103 7106180        0.028659888
7106103 7105959       0.0319528733
7102511 7102553       0.0135395344
7102511 7102572       0.0213366574
7102511 7102467       0.0225095943
7102511 7102532       0.0279708615
7102511 7102677       0.0289476521
7102511 7102593       0.0351539227
7102511 7102632       0.0380484913
7102511 7102698       0.0395245412
7102553 7102572      0.00976600305
7102553 7102511       0.0135395344
7102553 7102677       0.0155419914
7102553 7102467       0.0216174613
7102553 7102593       0.0227796513
7102553 7102532       0.0236641928
7102553 7102698       0.0260540398
7102553 7102632       0.0288184109
7102572 7102553      0.00976600305
7102572 7102677       0.0134618164
7102572 7102593       0.0138246872
7102572 7102532       0.0171199135
7102572 7102632       0.0191994679
7102572 7102736       0.0206221928
7102572 7102511       0.0213366574
7102572 7102698       0.0220026558
7102532 7102632       0.0145837802
7102532 7102572       0.0171199135
7102532 7102612       0.0210413715
7102532 7102593       0.0219561317
7102532 7102553       0.0236641928
7102532 7102736       0.0278823511
7102532 7102511       0.0279708615
7102532 7102677       0.0299659903
7106236 7106254       0.0109537703
7106236 7106216       0.0110055824
7106236 7106273       0.0180987758
7106236 7106294       0.0202021645
7106236 7106161       0.0228273879
7106236 7106316       0.0232292974
7106236 7106081       0.0251198549
7106236 7106139       0.0289782744
7106216 7106236       0.0110055824
7106216 7106081       0.0173007518
7106216 7106161       0.0184560301
7106216 7106273        0.019350729
7106216 7106254       0.0206915891
7106216 7106139        0.029204594
7106216 7106294       0.0302118376
7106216 7105978        0.030248061
7106161 7106139       0.0135470226
7106161 7105978       0.0159419028
7106161 7106103       0.0167225237
7106161 7106216       0.0184560301
7106161 7106236       0.0228273879
7106161 7106254        0.024930084
7106161 7106180       0.0272245807
7106161 7105959       0.0291319195
7106254 7106236       0.0109537703
7106254 7106316       0.0124863491
7106254 7106294       0.0193230625
7106254 7106216       0.0206915891
7106254 7106180       0.0224620453
7106254 7109448       0.0235494439
7106254 7106161        0.024930084
7106254 7106139       0.0254604162
7105999 7106019       0.0156518914
7105999 6151754       0.0189531486
7105999 6151815       0.0255903364
7105999 7106043       0.0264655596
7105999 6151737        0.031785891
7105999 7105939       0.0319078885
7105999 7105959       0.0362195764
7105999 6151796       0.0367893097
7106019 7106043       0.0116200221
7106019 7105999       0.0156518914
7106019 7106061       0.0242281967
7106019 7105959       0.0265338737
7106019 7105939       0.0321317493
7106019 6151815        0.032909981
7106019 6151754       0.0346044306
7106019 7208713       0.0357166753
7208713 7208732       0.0196297945
7208713 6623703       0.0227309709
7208713 6151815       0.0249303588
7208713 7106043       0.0315929119
7208713 6623684         0.03463596
7208713 7106019       0.0357166753
7208713 7208753       0.0372305515
7208713 7105999       0.0393826129
7106043 7106019       0.0116200221
7106043 7106061       0.0146051566
7106043 7105999       0.0264655596
7106043 7208732       0.0291519508
7106043 7105959       0.0294000188
7106043 7208713       0.0315929119
7106043 7106081       0.0334259051
7106043 7208753       0.0336294778
7106061 7106043       0.0146051566
7106061 7106081       0.0188497846
7106061 7106019       0.0242281967
7106061 7208753       0.0278398359
7106061 7105959        0.028072458
7106061 7106216        0.030706782
7106061 7208732       0.0318428618
7106061 7106273       0.0363561315
7208753 7208732       0.0178829893
7208753 7208772       0.0183879997
7208753 7208794       0.0257690538
7208753 7106061       0.0278398359
7208753 7106081       0.0293309091
7208753 7211475       0.0326782564
7208753 7106043       0.0336294778
7208753 7208713       0.0372305515
7208794 7208753       0.0257690538
7208794 7208732       0.0261160055
7208794 7208772        0.027045626
7208794 7211619       0.0271879003
7208794 7211561       0.0316828521
7208794 7211475       0.0374494085
7208794 6623703       0.0377140134
7208794 7208713       0.0407381303
7208772 7211475       0.0144700073
7208772 7208753       0.0183879997
7208772 7208815       0.0253104861
7208772 7208794        0.027045626
7208772 7208732       0.0345242204
7208772 7106081       0.0351525373
7208772 7106273        0.035936136
7208772 7208834       0.0369652338
7106081 7106216       0.0173007518
7106081 7106273       0.0175256497
7106081 7106061       0.0188497846
7106081 7106236       0.0251198549
7106081 7208753       0.0293309091
7106081 7106161       0.0333878445
7106081 7106043       0.0334259051
7106081 7208815       0.0335600662
7106273 7106081       0.0175256497
7106273 7106236       0.0180987758
7106273 7106216        0.019350729
7106273 7208815       0.0216960152
7106273 7106294       0.0221261922
7106273 7106254        0.027398903
7106273 7208834       0.0321381826
7106273 7208772        0.035936136
7208815 7208834       0.0143524075
7208815 7211475        0.018558263
7208815 7106273       0.0216960152
7208815 7208772       0.0253104861
7208815 7106294       0.0319923135
7208815 7106081       0.0335600662
7208815 7208854       0.0343362767
7208815 7208753       0.0382893612
7211475 7208772       0.0144700073
7211475 7208815        0.018558263
7211475 7208834       0.0255953015
7211475 7211495       0.0308617135
7211475 7208753       0.0326782564
7211475 7106273       0.0370447277
7211475 7208794       0.0374494085
7211475 7106081       0.0426219231
7208834 7208815       0.0143524075
7208834 7208854       0.0205774782
7208834 7211475       0.0255953015
7208834 7106273       0.0321381826
7208834 7106294       0.0330103333
7208834 7208772       0.0369652338
7208834 7211495       0.0403061273
7208834 7211975       0.0441220639
7208854 7208834       0.0205774782
7208854 7211975        0.024630413
7208854 7208815       0.0343362767
7208854 7211918       0.0343631103
7208854 7106294       0.0374051587
7208854 7109465        0.038735836
7208854 7211517       0.0393388914
7208854 7211539       0.0401943503
7106294 7106254       0.0193230625
7106294 7106236       0.0202021645
7106294 7109465       0.0216840591
7106294 7106273       0.0221261922
7106294 7106316       0.0223009156
7106294 7109448       0.0242639993
7106294 7106216       0.0302118376
7106294 7208815       0.0319923135
7211495 7211758        0.028126627
7211495 7211475       0.0308617135
7211495 7211517       0.0402122674
7211495 7208834       0.0403061273
7211495 7211619       0.0407266421
7211495 7208772       0.0425687506
7211495 7211742       0.0428690037
7211495 7208815       0.0440103778
7211517 7211539       0.0136956715
7211517 7211699        0.017098679
7211517 7211995       0.0233551392
7211517 7211720        0.025369581
7211517 7211975       0.0311951845
7211517 7214797       0.0360741039
7211517 7212014       0.0384519824
7211517 7211800       0.0392721589
7211758 7211742       0.0155050798
7211758 7211779       0.0260347059
7211758 7211495        0.028126627
7211758 7211820       0.0339288579
7211758 7211800       0.0391090512
7211758 7211678       0.0422610415
7211758 7211699       0.0432814245
7211758 7211857       0.0452235747
7211619 7211561       0.0245069718
7211619 7208794       0.0271879003
7211619 7211600       0.0279053878
7211619 7211678       0.0370843904
7211619 7211495       0.0407266421
7211619 6626539        0.041690453
7211619 7211580       0.0421729488
7211619 7208772       0.0422493599
7211699 7211720       0.0137673072
7211699 7211517        0.017098679
7211699 7211800       0.0226389703
7211699 7211837       0.0236525162
7211699 7211539       0.0239501141
7211699 7214797       0.0257741804
7211699 7211779       0.0263132232
7211699 7211995       0.0281463158
7211779 7211820        0.012103034
7211779 7211800       0.0131847809
7211779 7211742       0.0192393118
7211779 7211837       0.0210770285
7211779 7211758       0.0260347059
7211779 7211699       0.0263132232
7211779 7211857       0.0281666472
7211779 7211875       0.0312102328
7211742 7211758       0.0155050798
7211742 7211779       0.0192393118
7211742 7211820       0.0218115178
7211742 7211857       0.0302532015
7211742 7211800       0.0315485755
7211742 7215315       0.0317288235
7211742 7215269       0.0334853076
7211742 7211837       0.0392479215
7211678 7211600       0.0247745952
7211678 7211638       0.0310856249
7211678 7211660       0.0365410149
7211678 7211619       0.0370843904
7211678 7211580       0.0377059471
7211678 7215249       0.0378132021
7211678 7211758       0.0422610415
7211678 7211561       0.0438969246
7211600 7211580       0.0166776822
7211600 7211561       0.0209422726
7211600 7211638        0.024755518
7211600 7211678       0.0247745952
7211600 7211619       0.0279053878
7211600 6626539       0.0320097587
7211600 6626762         0.03811849
7211600 7211660       0.0446662657
7211800 7211837      0.00789494201
7211800 7211779       0.0131847809
7211800 7211820       0.0141437483
7211800 7214934        0.019857845
7211800 7211699       0.0226389703
7211800 7211875       0.0246693863
7211800 7211720        0.026008061
7211800 7211857       0.0280771467
7211820 7211779        0.012103034
7211820 7211800       0.0141437483
7211820 7211857       0.0162793507
7211820 7211837       0.0201075556
7211820 7211875       0.0201348739
7211820 7211742       0.0218115178
7211820 7215315       0.0265924704
7211820 7214934       0.0306491984
7211837 7211800      0.00789494201
7211837 7214934       0.0119678229
7211837 7211820       0.0201075556
7211837 7211779       0.0210770285
7211837 7211720       0.0225105552
7211837 7211699       0.0236525162
7211837 7211875       0.0238432504
7211837 7214973       0.0265954002
7215315 7211857       0.0132269366
7215315 7215338       0.0144589308
7215315 7217807         0.01829706
7215315 7215269       0.0234079762
7215315 7211875       0.0264224564
7215315 7211820       0.0265924704
7215315 7217828       0.0303163712
7215315 7211742       0.0317288235
7211539 7211995       0.0107032954
7211539 7211517       0.0136956715
7211539 7211975        0.023562967
7211539 7211699       0.0239501141
7211539 7211720       0.0245714895
7211539 7212014       0.0250190742
7211539 7214797       0.0316410093
7211539 7214818       0.0333579523
7211975 7211918       0.0148031476
7211975 7211539        0.023562967
7211975 7208854        0.024630413
7211975 7211995       0.0279854063
7211975 7211517       0.0311951845
7211975 7212014       0.0322295698
7211975 7212035       0.0341874451
7211975 7211956        0.036131713
7212014 7211995       0.0153954965
7212014 7212035       0.0198937796
7212014 7214855       0.0199564441
7212014 7214818       0.0215022852
7212014 7211539       0.0250190742
7212014 7212073       0.0318025938
7212014 7214893       0.0320415133
7212014 7211975       0.0322295698
7211995 7211539       0.0107032954
7211995 7212014       0.0153954965
7211995 7211720       0.0229757902
7211995 7211517       0.0233551392
7211995 7214818       0.0236033284
7211995 7214797       0.0258468386
7211995 7211975       0.0279854063
7211995 7211699       0.0281463158
7211918 7211975       0.0148031476
7211918 7211956       0.0219810913
7211918 7212035       0.0253898191
7211918 7211896        0.027846013
7211918 7212014       0.0324115398
7211918 7208854       0.0343631103
7211918 7211539       0.0346763477
7211918 7211995       0.0350762942
7212035 7211956       0.0180308621
7212035 7212014       0.0198937796
7212035 7212054       0.0215742916
7212035 7212073       0.0228449213
7212035 7214855        0.022983349
7212035 7211918       0.0253898191
7212035 7211995       0.0330151292
7212035 7211975       0.0341874451
7214818 7214837       0.0113882841
7214818 7214797       0.0160526703
7214818 7214893       0.0208356712
7214818 7212014       0.0215022852
7214818 7211995       0.0236033284
7214818 7214855       0.0248895997
7214818 7211720       0.0251406136
7214818 7214954       0.0284623055
7214797 7211720       0.0120454539
7214797 7214837       0.0154365698
7214797 7214818       0.0160526703
7214797 7214934       0.0207799054
7214797 7214954       0.0235329665
7214797 7211699       0.0257741804
7214797 7211995       0.0258468386
7214797 7211837        0.026701171
6626881 6626803        0.019478064
6626881 6626720       0.0241533008
6626881 6626839       0.0277118402
6626881 7211580       0.0291517975
6626881 6626861       0.0299154816
6626881 7211638       0.0302569195
6626881 6626741       0.0323743888
6626881 6626762       0.0325924804
6626762 6626741       0.0130820614
6626762 6626539       0.0140663872
6626762 7211580       0.0255593728
6626762 6626701       0.0280962012
6626762 7211561       0.0296532438
6626762 6626522       0.0325487945
6626762 6626881       0.0325924804
6626762 7211600         0.03811849
6626741 6626762       0.0130820614
6626741 6626701       0.0154690808
6626741 6626522       0.0216619774
6626741 6626539       0.0261838431
6626741 6626720       0.0294347833
6626741 6626680       0.0315343787
6626741 6623729        0.031660613
6626741 6626881       0.0323743888
6626539 6626762       0.0140663872
6626539 7211561       0.0172982097
6626539 7211580       0.0256745423
6626539 6626741       0.0261838431
6626539 7211600       0.0320097587
6626539 6623703       0.0338412138
6626539 6626701       0.0416207984
6626539 7211619        0.041690453
6623703 7208713       0.0227309709
6623703 6623684       0.0244590085
6623703 7208732       0.0319220067
6623703 6626539       0.0338412138
6623703 7208794       0.0377140134
6623703 6151815       0.0405543613
6623703 7211561       0.0409141607
6623703 6626762       0.0421230326
6623684 6623658       0.0231002375
6623684 6623703       0.0244590085
6623684 6623640       0.0282855582
6623684 7208713         0.03463596
6623684 6151815        0.035794833
6623684 6626522       0.0380197248
6623684 6623522       0.0386522614
6623684 6151796        0.040266621
7208732 7208753       0.0178829893
7208732 7208713       0.0196297945
7208732 7208794       0.0261160055
7208732 7106043       0.0291519508
7208732 7106061       0.0318428618
7208732 6623703       0.0319220067
7208732 7208772       0.0345242204
7208732 7106019       0.0386430857
7211561 6626539       0.0172982097
7211561 7211600       0.0209422726
7211561 7211619       0.0245069718
7211561 7211580       0.0250552005
7211561 6626762       0.0296532438
7211561 7208794       0.0316828521
7211561 6623703       0.0409141607
7211561 7211638       0.0422159075
6626720 6626803       0.0119961261
6626720 6626680        0.018564294
6626720 6626701       0.0188288015
6626720 6626660       0.0190139621
6626720 6626781       0.0214909639
6626720 6626881       0.0241533008
